============================== Brute Force
Total nodes expanded: 1156

============================== Pruning
Stats:
    Total nodes expanded: 362
    Time for each minimax run: [0.36163902282714844, 0.003257274627685547, 0.0011188983917236328]
[12, 1, 1, 1, 2, 1, 1, 1, 1, 1, 1, 1, 1, 1, 1, 1, 6, 1, 1, 1, 1, 1, 4, 1, 1, 1, 1, 1, 1, 1, 1, 1, 1, 1, 1, 1, 1, 1, 1, 1, 16, 3, 1, 1, 1, 1, 1, 1, 1, 2, 1, 1, 1, 3, 2, 1, 1, 1, 5, 1, 1, 1, 1, 1, 1, 1, 2, 1, 1, 1, 1, 1, 1, 1, 9, 5, 2, 1, 1, 1, 1, 1, 1, 1, 1, 1, 2, 1, 1, 1, 1, 3, 2, 1, 1, 1, 3, 1, 1, 1, 1, 1, 1, 1, 2, 1, 1, 1, 1, 1, 1, 1, 1, 1, 1, 1, 1, 1, 1, 1, 1, 1, 1, 1, 15, 2, 1, 1, 5, 3, 1, 1, 1, 1, 1, 1, 1, 1, 1, 1, 1, 1, 5, 2, 1, 1, 1, 1, 1, 1, 1, 1, 1, 4, 4, 1, 1, 1, 5, 3, 1, 1, 1, 1, 1, 1, 1, 1, 1, 9, 1, 1, 2, 1, 2, 1, 1, 1, 1, 1, 1, 1, 16, 2, 1, 1, 1, 1, 1, 1, 1, 1, 9, 1, 6, 5, 1, 1, 1, 1, 1, 1, 9, 7, 1, 1, 1, 1, 8, 4, 1, 1, 1, 1, 19, 1, 2, 1, 1, 1, 1, 3, 2, 1, 1, 1, 1, 1, 1, 1, 1, 1, 1, 1, 3, 2, 1, 1, 1, 1, 1, 1, 1, 1, 1, 3, 1, 1, 1, 1, 1, 1, 5, 1, 1, 1, 1, 1, 3, 1, 1, 1, 1]
    Average branching factor: 1.7756653992395437

=============================== Caching
Stats:
    Total nodes expanded: 448
    Time for each minimax run: [0.38144421577453613, 0.0018343925476074219, 0.00110626220703125]
    Cache hit ratio: 0.004